1 0.3001
2 0.84015996
3 0.994475108646
4 0.314342585987
5 0.00961133707905
6 4.25512097145e-07
7 0.00174188546815
8 0.651614443331
9 0.973267960522
10 0.448501400445
11 0.29925153313
12 0.751276734813
13 0.522277132342
14 0.112680370227
15 0.637932198301
16 0.926525301124
17 0.349602402164
18 0.998815619749
19 0.482450965873
20 0.626412509834
21 0.0730215734315
22 0.0144135126927
23 0.73830328764
24 0.91090083307
25 0.912336428644
26 0.296815171359
27 0.0153245856177
28 0.857678024356
29 0.994173950761
30 0.996386496329
31 0.0879728945094
32 0.428531460876
33 0.041161270264
34 0.828364072342
35 0.147972176509
36 0.999553993809
37 0.111444671749
38 0.163019476525
39 0.204297921969
40 0.851199331109
41 0.634864099027
42 0.00283888114107
43 0.900682376787
44 0.839984585307
45 0.796038079821
46 0.940080695813
47 0.0408725276416
48 0.994013227968
49 0.503854482644
50 0.597775092532
