1 0.30015
2 0.84023991
3 0.994539613341
4 0.311105653967
5 0.001791437372
6 0.95407363262
7 0.904324601154
8 0.3079570217
9 0.0373084456255
10 0.717710929751
11 0.939956460017
12 0.871274880915
13 0.971620441118
14 0.877616843373
15 0.154384595623
16 0.301104465566
17 0.208394323575
18 0.99998620505
19 0.0602242068283
20 0.999054842811
21 0.078727699217
22 0.829575443421
23 0.593454260104
24 0.754858532162
25 0.257588616932
26 0.284631669042
27 0.0807493820061
28 0.97285843073
29 0.825029728936
30 0.847251376293
31 0.0081404399528
32 0.66786950584
33 0.0881437882249
34 0.772693756717
35 0.984011540358
36 0.0212233195897
37 0.167309329834
38 0.168772549553
39 0.572886697255
40 0.422573908531
41 0.987526642692
42 0.996497574789
43 0.576009222196
44 0.996393885463
45 0.962381167553
46 0.667500352022
47 0.220904903472
48 0.334134947054
49 0.652703174418
50 0.988141776282
