1 0.30045
2 0.84071919
3 0.994918667115
4 0.291886102869
5 0.0832815133784
6 0.00322385526737
7 0.225002409193
8 0.172396495889
9 0.11390565142
10 0.105830773101
11 4.40334711012e-05
12 0.729462269073
13 0.301194665403
14 0.175306264514
15 0.000588957042398
16 0.215939311661
17 0.519467701292
18 0.948760907763
19 0.787506883647
20 0.0259761769282
21 0.167100018547
22 0.267066508415
23 0.864040310398
24 0.751104611753
25 0.0135097163364
26 0.0459168882092
27 0.73310496914
28 0.742313850617
29 0.980512501542
30 0.00856051651773
31 0.158856331454
32 0.988746541625
33 0.822307231892
34 0.0140607552258
35 0.35140965671
36 0.0175951594748
37 0.596379030257
38 0.855900593636
39 0.583193882469
40 0.972251054373
41 0.137065422168
42 0.0311527396013
43 0.250515153451
44 0.3931347457
45 0.98038824515
46 0.896180194375
47 0.1263832357
48 0.983581362891
49 0.89898183426
50 0.743359874615
