1 0.30005
2 0.84007999
3 0.994410224201
4 0.317588723505
5 0.023545768915
6 0.953490086812
7 0.949991821097
8 0.313041469333
9 0.876819071398
10 0.969439171504
11 0.580192366426
12 0.999837826707
13 0.897085925904
14 0.94000073613
15 0.938958504023
16 0.0205982896712
17 0.747482996495
18 0.885280384249
19 0.565334670928
20 0.610016968709
21 0.977836692673
22 0.944847656367
23 0.829564035357
24 0.028070111894
25 0.245983231239
26 0.812607717478
27 0.774741062159
28 0.262594581597
29 0.318306939664
30 0.984223599724
31 5.79105255455e-05
32 0.476969455465
33 0.277841449287
34 0.928655411125
35 0.664560627984
36 0.998707364915
37 0.941696386838
38 0.460758227494
39 0.0735925451092
40 0.872697733249
41 0.0203207090419
42 0.0761536364809
43 0.0391783469941
44 0.0768762850374
45 0.927349236236
46 0.628956386673
47 0.139123817421
48 0.999695240989
49 0.175178882309
50 0.454594849402
