1 0.3002
2 0.84031984
3 0.994603738293
4 0.307878083883
5 0.000182683383438
6 0.175700115103
7 0.311978958864
8 0.196603190103
9 0.957995448094
10 0.818597212901
11 0.919705795659
12 0.62248324771
13 0.755127697982
14 0.231101086359
15 0.789317887082
16 0.0334751202575
17 0.790945242539
18 0.903653193776
19 0.940654785689
20 0.196297611482
21 0.993658132463
22 0.354987009989
23 0.980233727341
24 0.0782947280184
25 0.17050116462
26 0.602207308284
27 0.146827914701
28 0.476671658134
29 0.975989738649
30 0.566727499687
31 0.201716202985
32 0.406692811445
33 0.795358223362
34 0.999685244063
35 0.0413814020816
36 0.909684525006
37 0.185420749176
38 0.924314256282
39 0.724098163139
40 0.666175860864
41 0.578377400561
42 0.788368304581
43 0.894020895337
44 0.837226293414
45 0.13984423184
46 0.741102558515
47 0.890087107042
48 0.146627635332
49 0.148104904981
50 0.669575152011
