1 0.3003
2 0.84047964
3 0.994730848989
4 0.301451652798
5 0.0155976299069
6 0.579626712484
7 0.84437878256
8 0.995225274324
9 0.83014812884
10 0.438154647389
11 0.376294140959
12 0.999001690028
13 0.350559886271
14 0.571104908242
15 0.0728092275504
16 0.433321083701
17 0.155247752681
18 0.014437647067
19 0.992404025896
20 0.925468925573
21 0.706928239277
22 0.0021708399622
23 0.750527917242
24 0.0310347062734
25 0.0382277261045
26 0.379140098227
27 0.798688381169
28 0.1852323736
29 0.162397569067
30 0.890772265517
31 0.455630104173
32 0.622943925992
33 0.307692354598
34 0.149701158457
35 0.98125702622
36 0.480481462503
37 0.000543882901265
38 0.895416799843
39 0.777374691744
40 0.0300448044281
41 0.526010949419
42 0.998496587913
43 0.950952654426
44 0.219378702309
45 0.943798312753
46 0.212972109831
47 0.00898777507794
48 0.237777344306
49 0.0239246348532
50 0.487425950375
