1 0.30025
2 0.84039975
3 0.994667483507
4 0.304660031679
5 0.00480424393512
6 0.634723867213
7 0.409654467468
8 0.650503400575
9 0.982115989514
10 0.180624478003
11 0.0605042799699
12 0.00199141908238
13 0.350574109056
14 0.688650521548
15 0.26817826861
16 0.525461397786
17 0.850983066989
18 0.11706129801
19 0.0230670557392
20 0.179164801496
21 0.356129071304
22 0.968961135875
23 0.001110684738
24 0.647230183943
25 0.662930095613
26 0.120859494964
27 0.404452709245
28 0.14818683674
29 0.207563925342
30 0.386986914924
31 0.159555214904
32 0.959011427144
33 0.155321601921
34 0.987997225
35 0.276175568083
36 0.527482032234
37 0.620549136361
38 0.852639669862
39 0.321205559257
40 0.393502820253
41 0.50989766432
42 0.999982864889
43 0.473462848412
44 0.750874151861
45 0.211595358637
46 0.145756776092
47 0.143256740176
48 0.713659465324
49 0.937150787377
50 0.146987075749
