1 0.3004
2 0.84063936
3 0.994856440786
4 0.295064534234
5 0.0550831182744
6 0.927339619912
7 0.964747607144
8 0.667740912468
9 0.0361760900551
10 0.309553640634
11 0.700762513028
12 0.723643985878
13 0.670724480969
14 0.709188541485
15 0.924738615617
16 0.873371295655
17 0.872711729639
18 0.965046528071
19 0.5864099264
20 0.857004834114
21 0.421507880185
22 0.913599371183
23 0.996472261855
24 0.0577207881115
25 0.00075811240174
26 0.0487667267527
27 0.99952985372
28 0.90053820354
29 0.110154646567
30 1.41261445812e-06
31 0.936678556595
32 0.900797187875
33 0.158966952722
34 0.54078475888
35 0.99552694408
36 0.93791160057
37 0.0658788136423
38 0.0477206542572
39 0.552559236998
40 0.46259161889
41 0.349950545042
42 0.144156939961
43 0.33891249554
44 0.107670594829
45 3.3778627848e-05
46 0.913502860315
47 0.0407323160305
48 0.873807310724
49 0.50325696634
50 0.620638491568
