1 0.3
2 0.84
3 0.99434496
4 0.320843909599
5 0.0434218534453
6 0.176953820508
7 0.219305448989
8 0.188370585403
9 0.932807530805
10 0.551760382824
11 0.0926637747008
12 0.812036779052
13 0.778514779692
14 0.623313735455
15 0.318484769628
16 0.986096385784
17 0.999934770479
18 0.0109628926409
19 0.212615162702
20 0.0305297604899
21 0.140146852223
22 0.958399837306
23 0.977260491298
24 0.999760131938
25 0.0106521597491
26 0.203592140749
27 0.199989944386
28 0.230387858427
29 0.303666748665
30 0.0862333220215
31 0.993327400586
32 0.0781749990215
33 0.993276555407
34 0.732751881146
35 0.443350650463
36 0.841056333955
37 0.00620828073173
38 0.0372138709687
39 0.489065306021
40 0.0562372803966
41 0.580438148155
42 0.161375937255
43 0.0929322243272
44 0.584139822283
45 0.548616578619
46 0.25838268182
47 0.111112775906
48 0.608532412919
49 0.951454576388
50 0.0551969779321
