1 0.30035
2 0.84055951
3 0.994793834746
4 0.298253102176
5 0.0324274489639
6 0.220774042869
7 0.0122778642916
8 0.994366874795
9 0.139233334086
10 0.71300817042
11 0.585347941335
12 0.0744994819564
13 0.964730884949
14 0.834320922667
15 0.49315852316
16 0.822133655305
17 0.033293471265
18 0.898190500493
19 0.998572469823
20 0.0920081863969
21 0.228234267497
22 0.751798002163
23 0.995600897319
24 0.984771560825
25 0.142006128028
26 0.00398091730846
27 0.162712838107
28 0.917220332077
29 0.131166139355
30 0.0887002335144
31 0.65703884124
32 0.234221366197
33 0.908993016075
34 0.999973788597
35 0.687695424983
36 0.941665037349
37 0.706996039076
38 0.0274849928084
39 0.114330790304
40 0.964653262647
41 0.833782204286
42 0.724001915975
43 0.773344205715
44 0.905421643832
45 0.985242686436
46 0.000846980843688
47 0.697039414171
48 0.798007678187
49 0.00379987934645
50 0.0317884416078
